Opt. Const. of B-Spline vs. nm
nm	n	k
370.665100	1.568851	-0.001231	
372.257172	1.568293	-0.001456	
373.849274	1.567739	-0.001679	
375.441345	1.567189	-0.001899	
377.033478	1.566644	-0.002115	
378.625580	1.566104	-0.002327	
380.217712	1.565569	-0.002535	
381.809875	1.565040	-0.002737	
383.402039	1.564517	-0.002933	
384.994202	1.564000	-0.003122	
386.586395	1.563490	-0.003304	
388.178619	1.562988	-0.003479	
389.770813	1.562492	-0.003645	
391.363037	1.562005	-0.003803	
392.955261	1.561525	-0.003951	
394.547516	1.561053	-0.004091	
396.139740	1.560590	-0.004220	
397.731995	1.560136	-0.004340	
399.324280	1.559690	-0.004449	
400.916565	1.559253	-0.004547	
402.508820	1.558825	-0.004634	
404.101105	1.558406	-0.004709	
405.693390	1.557997	-0.004773	
407.285675	1.557598	-0.004825	
408.877991	1.557208	-0.004865	
410.470276	1.556828	-0.004893	
412.062561	1.556458	-0.004909	
413.654877	1.556097	-0.004912	
415.247162	1.555745	-0.004905	
416.839508	1.555402	-0.004889	
418.431793	1.555067	-0.004864	
420.024109	1.554740	-0.004830	
421.616394	1.554420	-0.004790	
423.208740	1.554107	-0.004744	
424.801025	1.553800	-0.004693	
426.393311	1.553500	-0.004638	
427.985657	1.553205	-0.004579	
429.577942	1.552915	-0.004516	
431.170227	1.552630	-0.004452	
432.762543	1.552350	-0.004386	
434.354828	1.552074	-0.004319	
435.947113	1.551803	-0.004252	
437.539368	1.551535	-0.004186	
439.131653	1.551270	-0.004120	
440.723938	1.551009	-0.004055	
442.316162	1.550750	-0.003993	
443.908447	1.550495	-0.003932	
445.500671	1.550241	-0.003875	
447.092926	1.549990	-0.003821	
448.685150	1.549741	-0.003771	
450.277344	1.549494	-0.003725	
451.869537	1.549248	-0.003683	
453.461761	1.549003	-0.003647	
455.053955	1.548759	-0.003616	
456.646088	1.548517	-0.003590	
458.238281	1.548275	-0.003571	
459.830414	1.548034	-0.003557	
461.422546	1.547793	-0.003551	
463.014648	1.547553	-0.003551	
464.606781	1.547313	-0.003557	
466.198883	1.547074	-0.003568	
467.790924	1.546835	-0.003585	
469.382996	1.546597	-0.003607	
470.975037	1.546360	-0.003634	
472.567047	1.546124	-0.003664	
474.159088	1.545889	-0.003698	
475.751068	1.545655	-0.003735	
477.343018	1.545423	-0.003776	
478.934967	1.545192	-0.003819	
480.526917	1.544962	-0.003864	
482.118835	1.544733	-0.003912	
483.710693	1.544506	-0.003961	
485.302582	1.544281	-0.004011	
486.894440	1.544057	-0.004063	
488.486237	1.543835	-0.004115	
490.078064	1.543614	-0.004168	
491.669830	1.543396	-0.004221	
493.261566	1.543179	-0.004275	
494.853333	1.542964	-0.004328	
496.445007	1.542751	-0.004381	
498.036713	1.542540	-0.004433	
499.628357	1.542331	-0.004485	
501.219971	1.542124	-0.004536	
502.811584	1.541919	-0.004585	
504.403168	1.541716	-0.004633	
505.994690	1.541516	-0.004680	
507.586243	1.541317	-0.004725	
509.177673	1.541121	-0.004767	
510.769135	1.540927	-0.004808	
512.360596	1.540736	-0.004847	
513.951965	1.540546	-0.004884	
515.543335	1.540359	-0.004918	
517.134644	1.540175	-0.004949	
518.725952	1.539992	-0.004978	
520.317261	1.539813	-0.005004	
521.908447	1.539635	-0.005027	
523.499634	1.539460	-0.005046	
525.090820	1.539287	-0.005063	
526.681946	1.539117	-0.005077	
528.273071	1.538949	-0.005087	
529.864136	1.538784	-0.005094	
531.455139	1.538620	-0.005099	
533.046082	1.538459	-0.005100	
534.637024	1.538300	-0.005099	
536.227905	1.538144	-0.005096	
537.818787	1.537989	-0.005090	
539.409607	1.537836	-0.005081	
541.000427	1.537686	-0.005071	
542.591187	1.537537	-0.005058	
544.181885	1.537390	-0.005043	
545.772583	1.537246	-0.005026	
547.363159	1.537103	-0.005007	
548.953735	1.536961	-0.004986	
550.544312	1.536822	-0.004964	
552.134766	1.536684	-0.004940	
553.725220	1.536548	-0.004914	
555.315613	1.536414	-0.004887	
556.905945	1.536281	-0.004858	
558.496277	1.536150	-0.004828	
560.086548	1.536020	-0.004797	
561.676758	1.535892	-0.004764	
563.266968	1.535765	-0.004730	
564.857056	1.535640	-0.004695	
566.447144	1.535516	-0.004659	
568.037170	1.535394	-0.004622	
569.627136	1.535273	-0.004584	
571.217102	1.535153	-0.004545	
572.806946	1.535035	-0.004505	
574.396790	1.534917	-0.004465	
575.986572	1.534802	-0.004424	
577.576294	1.534687	-0.004382	
579.165955	1.534574	-0.004339	
580.755554	1.534461	-0.004296	
582.345093	1.534350	-0.004253	
583.934631	1.534240	-0.004208	
585.524048	1.534131	-0.004164	
587.113464	1.534023	-0.004119	
588.702820	1.533917	-0.004074	
590.292114	1.533811	-0.004028	
591.881348	1.533706	-0.003982	
593.470520	1.533603	-0.003936	
595.059631	1.533500	-0.003889	
596.648682	1.533398	-0.003843	
598.237671	1.533297	-0.003796	
599.826599	1.533197	-0.003749	
601.415466	1.533098	-0.003702	
603.004272	1.533000	-0.003655	
604.593079	1.532903	-0.003608	
606.181763	1.532807	-0.003561	
607.770386	1.532711	-0.003514	
609.358948	1.532616	-0.003467	
610.947449	1.532522	-0.003420	
612.535889	1.532429	-0.003374	
614.124268	1.532336	-0.003327	
615.712524	1.532245	-0.003280	
617.300842	1.532154	-0.003233	
618.888977	1.532064	-0.003187	
620.477112	1.531975	-0.003140	
622.065125	1.531887	-0.003093	
623.653137	1.531799	-0.003046	
625.241028	1.531712	-0.002998	
626.828857	1.531626	-0.002951	
628.416626	1.531541	-0.002904	
630.004333	1.531457	-0.002856	
631.591980	1.531374	-0.002808	
633.179565	1.531291	-0.002760	
634.767029	1.531209	-0.002711	
636.354431	1.531128	-0.002662	
637.941772	1.531048	-0.002613	
639.529053	1.530968	-0.002564	
641.116272	1.530890	-0.002514	
642.703369	1.530812	-0.002464	
644.290405	1.530735	-0.002413	
645.877441	1.530659	-0.002363	
647.464294	1.530583	-0.002311	
649.051147	1.530509	-0.002260	
650.637878	1.530435	-0.002208	
652.224548	1.530362	-0.002155	
653.811157	1.530290	-0.002102	
655.397644	1.530218	-0.002049	
656.984131	1.530148	-0.001995	
658.570435	1.530078	-0.001941	
660.156738	1.530009	-0.001886	
661.742920	1.529941	-0.001831	
663.329041	1.529874	-0.001775	
664.915100	1.529807	-0.001719	
666.501038	1.529741	-0.001662	
668.086914	1.529676	-0.001604	
669.672729	1.529612	-0.001546	
671.258423	1.529549	-0.001488	
672.844055	1.529486	-0.001429	
674.429565	1.529424	-0.001369	
676.015015	1.529363	-0.001309	
677.600403	1.529302	-0.001249	
679.185669	1.529243	-0.001187	
680.770874	1.529184	-0.001125	
682.355957	1.529126	-0.001063	
683.940979	1.529069	-0.001000	
685.525879	1.529012	-0.000936	
687.110718	1.528956	-0.000872	
688.695435	1.528901	-0.000807	
690.280151	1.528847	-0.000742	
691.864685	1.528793	-0.000676	
693.449158	1.528741	-0.000609	
695.033569	1.528688	-0.000542	
696.617859	1.528637	-0.000474	
698.202026	1.528587	-0.000405	
699.786194	1.528537	-0.000336	
701.370239	1.528487	-0.000266	
702.954102	1.528439	-0.000196	
704.537964	1.528391	-0.000124	
706.121704	1.528344	-0.000053	
707.705322	1.528298	0.000020	
709.288879	1.528252	0.000093	
710.872314	1.528208	0.000166	
712.455688	1.528163	0.000241	
714.038940	1.528120	0.000316	
715.622009	1.528077	0.000391	
717.205078	1.528035	0.000468	
718.788025	1.527994	0.000545	
720.370911	1.527953	0.000622	
721.953674	1.527913	0.000700	
723.536255	1.527873	0.000779	
725.118835	1.527835	0.000859	
726.701294	1.527797	0.000939	
728.283630	1.527759	0.001020	
729.865845	1.527722	0.001101	
731.447998	1.527686	0.001183	
733.030029	1.527651	0.001266	
734.611938	1.527616	0.001349	
736.193787	1.527582	0.001432	
737.775513	1.527548	0.001516	
739.357117	1.527515	0.001601	
740.938599	1.527483	0.001686	
742.520020	1.527451	0.001772	
744.101318	1.527419	0.001858	
745.682495	1.527388	0.001944	
747.263550	1.527358	0.002031	
748.844543	1.527328	0.002118	
750.425415	1.527299	0.002206	
752.006104	1.527270	0.002293	
753.586792	1.527241	0.002382	
755.167297	1.527214	0.002470	
756.747681	1.527186	0.002559	
758.328003	1.527159	0.002648	
759.908142	1.527133	0.002737	
761.488159	1.527107	0.002827	
763.068176	1.527081	0.002917	
764.648010	1.527056	0.003007	
766.227722	1.527031	0.003097	
767.807312	1.527006	0.003187	
769.386841	1.526982	0.003278	
770.966187	1.526958	0.003369	
772.545471	1.526935	0.003459	
774.124573	1.526912	0.003550	
775.703613	1.526890	0.003642	
777.282471	1.526868	0.003733	
778.861267	1.526846	0.003824	
780.439941	1.526824	0.003916	
782.018433	1.526803	0.004007	
783.596863	1.526782	0.004099	
785.175171	1.526762	0.004190	
786.753357	1.526741	0.004282	
788.331421	1.526721	0.004374	
789.909302	1.526702	0.004465	
791.487122	1.526682	0.004557	
793.064819	1.526663	0.004649	
794.642395	1.526645	0.004741	
796.219788	1.526626	0.004832	
797.797058	1.526608	0.004924	
799.374268	1.526590	0.005016	
800.951294	1.526572	0.005107	
802.528198	1.526555	0.005199	
804.105042	1.526537	0.005291	
805.681702	1.526520	0.005382	
807.258240	1.526504	0.005473	
808.834595	1.526487	0.005565	
810.410889	1.526471	0.005656	
811.987061	1.526455	0.005747	
813.563110	1.526439	0.005838	
815.138977	1.526423	0.005929	
816.714722	1.526408	0.006020	
818.290344	1.526393	0.006110	
819.865845	1.526378	0.006201	
821.441101	1.526363	0.006291	
823.016296	1.526348	0.006381	
824.591431	1.526334	0.006472	
826.166382	1.526319	0.006562	
827.741211	1.526305	0.006651	
829.315796	1.526291	0.006741	
830.890442	1.526277	0.006830	
832.464722	1.526264	0.006920	
834.039063	1.526250	0.007009	
835.613159	1.526237	0.007097	
837.187134	1.526224	0.007186	
838.760925	1.526211	0.007275	
840.334656	1.526198	0.007363	
841.908203	1.526185	0.007451	
843.481628	1.526173	0.007539	
845.054871	1.526160	0.007626	
846.628052	1.526148	0.007714	
848.201050	1.526136	0.007801	
849.773926	1.526123	0.007888	
851.346558	1.526111	0.007975	
852.919128	1.526100	0.008061	
854.491577	1.526088	0.008147	
856.063843	1.526076	0.008233	
857.635925	1.526065	0.008319	
859.207886	1.526053	0.008405	
860.779785	1.526042	0.008490	
862.351440	1.526031	0.008575	
863.922974	1.526019	0.008659	
865.494324	1.526008	0.008744	
867.065613	1.525997	0.008828	
868.636597	1.525986	0.008912	
870.207642	1.525976	0.008996	
871.778442	1.525965	0.009079	
873.348999	1.525954	0.009162	
874.919434	1.525944	0.009245	
876.489868	1.525933	0.009327	
878.059937	1.525923	0.009409	
879.630005	1.525913	0.009491	
881.199890	1.525902	0.009573	
882.769531	1.525892	0.009654	
884.339172	1.525882	0.009735	
885.908508	1.525872	0.009816	
887.477722	1.525862	0.009896	
889.046875	1.525852	0.009977	
890.615723	1.525842	0.010056	
892.184570	1.525832	0.010136	
893.753113	1.525822	0.010215	
895.321594	1.525812	0.010294	
896.889954	1.525803	0.010373	
898.458008	1.525793	0.010451	